3.435000E-1	2.837325E+0
3.400000E-1	2.840400E+0
3.292500E-1	2.844575E+0
3.250000E-1	2.847100E+0
3.265000E-1	2.847300E+0
3.325000E-1	2.847675E+0
3.410000E-1	2.845150E+0
3.357500E-1	2.844425E+0
3.407500E-1	2.842850E+0
3.525000E-1	2.837975E+0
3.417500E-1	2.832300E+0
3.552500E-1	2.828850E+0
2.372500E-1	2.822675E+0
2.332500E-1	2.878400E+0
2.420000E-1	2.911850E+0
2.920000E-1	2.910500E+0
3.387500E-1	2.886525E+0
3.810000E-1	2.853525E+0
4.182500E-1	2.815925E+0
4.792500E-1	2.768050E+0
5.285000E-1	2.722975E+0
5.610000E-1	2.682050E+0
6.335000E-1	2.640150E+0
6.865000E-1	2.602975E+0
7.487500E-1	2.566350E+0
7.765000E-1	2.533850E+0
8.600000E-1	2.500975E+0
8.800000E-1	2.474375E+0
9.335000E-1	2.451800E+0
9.722500E-1	2.426950E+0
1.026000E+0	2.399750E+0
1.059000E+0	2.372025E+0
1.130000E+0	2.351200E+0
1.174000E+0	2.328575E+0
1.234500E+0	2.304800E+0
1.265750E+0	2.285350E+0
1.300250E+0	2.268750E+0
1.356750E+0	2.250800E+0
1.387250E+0	2.234225E+0
1.438000E+0	2.218475E+0
1.472500E+0	2.201450E+0
1.515500E+0	2.187725E+0
1.575500E+0	2.168075E+0
1.614500E+0	2.153050E+0
1.654000E+0	2.138750E+0
1.687000E+0	2.124175E+0
1.726000E+0	2.111775E+0
1.780250E+0	2.098300E+0
1.820000E+0	2.085025E+0
1.847250E+0	2.072100E+0
1.902500E+0	2.060250E+0
1.941000E+0	2.047525E+0
1.983000E+0	2.035500E+0
2.014500E+0	2.025500E+0
2.059000E+0	2.013475E+0
2.087500E+0	2.002800E+0
2.126250E+0	1.992125E+0
2.194000E+0	1.979025E+0
2.227250E+0	1.968475E+0
2.262750E+0	1.958550E+0
2.303000E+0	1.949125E+0
2.339000E+0	1.939450E+0
2.367750E+0	1.930600E+0
2.416250E+0	1.921925E+0
2.464750E+0	1.913225E+0
2.489250E+0	1.905000E+0
2.529250E+0	1.896825E+0
2.570000E+0	1.886825E+0
2.608250E+0	1.879450E+0
2.654250E+0	1.870550E+0
2.679000E+0	1.863175E+0
2.726500E+0	1.856200E+0
2.760000E+0	1.848125E+0
2.794500E+0	1.841275E+0
2.835000E+0	1.834350E+0
2.868500E+0	1.826850E+0
2.906250E+0	1.819450E+0
2.938500E+0	1.811525E+0
2.982750E+0	1.805575E+0
3.009500E+0	1.798550E+0
3.068250E+0	1.790650E+0
3.104250E+0	1.784225E+0
3.134250E+0	1.777725E+0
3.162250E+0	1.770350E+0
3.202250E+0	1.764850E+0
3.247250E+0	1.759375E+0
3.281000E+0	1.753500E+0
3.309500E+0	1.747525E+0
3.357000E+0	1.741050E+0
3.377000E+0	1.735675E+0
3.419000E+0	1.730625E+0
3.451750E+0	1.724025E+0
3.489250E+0	1.720450E+0
3.537000E+0	1.713875E+0
3.577500E+0	1.708975E+0
3.603250E+0	1.703675E+0
3.631000E+0	1.699400E+0
3.663000E+0	1.692075E+0
3.716500E+0	1.687775E+0
3.739000E+0	1.681475E+0
3.778500E+0	1.675725E+0
3.814500E+0	1.672900E+0
3.854750E+0	1.666700E+0
3.888250E+0	1.663675E+0
3.913750E+0	1.658450E+0
3.951750E+0	1.653550E+0
3.984000E+0	1.649550E+0
4.023750E+0	1.644600E+0
4.054250E+0	1.640700E+0
4.105250E+0	1.635575E+0
4.126500E+0	1.630525E+0
4.168000E+0	1.627375E+0
4.199500E+0	1.623650E+0
4.226750E+0	1.618525E+0
4.253000E+0	1.613950E+0
4.297000E+0	1.610225E+0
4.332000E+0	1.606250E+0
4.363250E+0	1.602575E+0
4.392250E+0	1.598475E+0
4.430750E+0	1.594950E+0
4.478000E+0	1.590450E+0
4.502500E+0	1.586525E+0
4.536750E+0	1.583075E+0
4.571750E+0	1.578850E+0
4.599500E+0	1.576000E+0
4.638000E+0	1.572200E+0
4.661750E+0	1.568075E+0
4.695750E+0	1.564975E+0
4.731000E+0	1.562475E+0
4.766250E+0	1.558600E+0
4.782000E+0	1.554700E+0
4.825000E+0	1.551850E+0
4.856500E+0	1.547400E+0
4.902750E+0	1.544000E+0
4.935750E+0	1.540750E+0
4.949000E+0	1.536875E+0
4.982500E+0	1.533850E+0
5.030250E+0	1.531475E+0
5.056250E+0	1.528300E+0
5.091250E+0	1.524425E+0
5.120250E+0	1.521300E+0
5.152500E+0	1.519175E+0
5.179500E+0	1.515325E+0
5.215750E+0	1.513275E+0
5.243750E+0	1.509500E+0
5.275750E+0	1.507700E+0
5.332000E+0	1.503325E+0
5.473000E+0	1.498525E+0
5.662000E+0	1.485000E+0
5.782250E+0	1.472275E+0
5.978250E+0	1.459375E+0
6.136250E+0	1.449325E+0
6.262750E+0	1.435725E+0
6.450500E+0	1.424100E+0
6.600500E+0	1.413300E+0
6.757000E+0	1.402500E+0
6.911000E+0	1.392500E+0
7.063750E+0	1.380825E+0
7.218250E+0	1.371025E+0
7.379000E+0	1.360825E+0
7.524250E+0	1.352675E+0
7.687250E+0	1.343925E+0
7.828500E+0	1.334375E+0
7.971500E+0	1.326575E+0
8.120750E+0	1.319175E+0
8.275250E+0	1.310125E+0
8.399750E+0	1.301875E+0
8.561500E+0	1.294925E+0
8.765250E+0	1.285100E+0
8.895750E+0	1.278300E+0
9.021250E+0	1.271525E+0
9.200250E+0	1.264975E+0
9.311500E+0	1.258775E+0
9.464250E+0	1.252375E+0
9.612750E+0	1.246300E+0
9.755750E+0	1.239700E+0
9.891250E+0	1.234725E+0
1.002475E+1	1.227450E+0
1.017500E+1	1.224125E+0
1.031125E+1	1.218775E+0
1.043875E+1	1.212100E+0
1.057575E+1	1.208200E+0
1.070825E+1	1.203100E+0
1.083775E+1	1.198500E+0
1.098075E+1	1.193300E+0
1.110025E+1	1.187550E+0
1.124150E+1	1.182800E+0
1.136750E+1	1.178750E+0
1.150100E+1	1.174300E+0
1.161650E+1	1.169750E+0
1.173100E+1	1.166775E+0
1.186875E+1	1.162425E+0
1.199125E+1	1.159125E+0
1.211525E+1	1.154150E+0
1.225975E+1	1.151125E+0
1.235000E+1	1.147025E+0
1.249250E+1	1.143050E+0
1.261400E+1	1.138125E+0
1.271525E+1	1.135700E+0
1.285725E+1	1.132275E+0
1.297725E+1	1.128025E+0
1.308325E+1	1.125250E+0
1.322975E+1	1.122375E+0
1.334000E+1	1.118625E+0
1.346800E+1	1.116325E+0
1.357275E+1	1.112975E+0
1.367050E+1	1.109200E+0
1.380375E+1	1.105475E+0
1.393650E+1	1.101975E+0
1.402175E+1	1.100500E+0
1.416725E+1	1.097525E+0
1.427300E+1	1.094075E+0
1.440225E+1	1.091550E+0
1.451675E+1	1.089100E+0
1.462000E+1	1.086300E+0
1.472700E+1	1.083575E+0
1.481500E+1	1.081300E+0
1.494475E+1	1.078525E+0
1.506275E+1	1.076225E+0
1.514775E+1	1.073550E+0
1.528025E+1	1.071500E+0
1.537450E+1	1.068075E+0
1.549200E+1	1.066025E+0
1.560300E+1	1.063425E+0
1.568850E+1	1.060700E+0
1.580275E+1	1.059700E+0
1.591925E+1	1.057325E+0
1.602600E+1	1.054850E+0
1.613200E+1	1.052900E+0
1.622350E+1	1.050450E+0
1.634400E+1	1.048000E+0
1.643275E+1	1.046025E+0
1.655100E+1	1.043625E+0
1.664825E+1	1.041300E+0
1.672925E+1	1.040075E+0
1.684425E+1	1.037950E+0
1.693875E+1	1.035375E+0
1.704875E+1	1.033750E+0
1.715375E+1	1.031800E+0
1.723150E+1	1.030375E+0
1.734825E+1	1.029825E+0
1.744350E+1	1.025725E+0
1.752575E+1	1.025375E+0
1.761975E+1	1.022800E+0
1.773825E+1	1.021525E+0
1.779550E+1	1.019775E+0
1.792075E+1	1.017625E+0
1.800350E+1	1.016025E+0
1.810700E+1	1.015600E+0
1.819500E+1	1.013350E+0
1.827625E+1	1.011650E+0
1.836150E+1	1.010125E+0
1.846725E+1	1.007400E+0
1.855725E+1	1.005900E+0
1.863575E+1	1.004850E+0
1.874700E+1	1.002625E+0
1.882350E+1	1.002100E+0
1.891400E+1	9.999750E-1
1.900000E+1	1.000275E+0
1.909650E+1	9.978000E-1
1.916925E+1	9.960250E-1
1.926975E+1	9.959750E-1
1.934975E+1	9.940750E-1
1.943325E+1	9.920500E-1
1.953800E+1	9.907500E-1
1.961450E+1	9.895750E-1
1.970275E+1	9.878250E-1
1.992300E+1	9.862750E-1
2.019025E+1	9.829500E-1
2.047350E+1	9.803250E-1
2.073625E+1	9.762750E-1
2.099400E+1	9.719250E-1
2.119175E+1	9.682250E-1
2.150025E+1	9.644000E-1
2.175225E+1	9.624250E-1
2.198675E+1	9.580500E-1
2.223000E+1	9.549250E-1
2.247300E+1	9.521750E-1
2.271800E+1	9.484500E-1
2.295575E+1	9.456000E-1
2.319450E+1	9.421000E-1
2.337650E+1	9.408500E-1
2.364300E+1	9.367000E-1
2.385825E+1	9.335500E-1
2.402675E+1	9.311750E-1
2.431550E+1	9.284750E-1
2.453325E+1	9.270750E-1
2.473725E+1	9.225750E-1
2.496575E+1	9.216250E-1
2.517825E+1	9.193750E-1
2.537025E+1	9.164750E-1
2.557475E+1	9.143750E-1
2.578375E+1	9.112750E-1
2.597800E+1	9.090500E-1
2.617575E+1	9.059500E-1
2.637850E+1	9.057250E-1
2.656750E+1	9.025250E-1
2.676400E+1	9.027750E-1
2.695975E+1	8.997750E-1
2.713875E+1	8.976750E-1
2.732925E+1	8.966750E-1
2.750675E+1	8.936250E-1
2.769625E+1	8.920500E-1
2.787650E+1	8.908250E-1
2.804675E+1	8.866250E-1
2.823500E+1	8.862750E-1
2.838925E+1	8.857250E-1
2.858675E+1	8.830250E-1
2.875000E+1	8.820500E-1
2.892100E+1	8.801750E-1
2.907500E+1	8.785750E-1
2.924525E+1	8.770000E-1
2.940600E+1	8.748750E-1
2.955175E+1	8.750000E-1
2.968400E+1	8.727750E-1
2.987950E+1	8.723750E-1
3.002600E+1	8.714250E-1
3.015725E+1	8.688500E-1
3.034500E+1	8.679750E-1
3.046900E+1	8.661750E-1
3.063100E+1	8.644000E-1
3.077375E+1	8.638750E-1
3.088975E+1	8.637000E-1
3.106350E+1	8.619500E-1
3.121425E+1	8.606250E-1
3.130925E+1	8.600750E-1
3.147350E+1	8.584000E-1
3.160050E+1	8.574000E-1
3.172250E+1	8.564500E-1
3.187700E+1	8.549500E-1
3.200100E+1	8.528000E-1
3.213300E+1	8.523250E-1
3.225850E+1	8.517750E-1
3.238600E+1	8.509750E-1
3.252075E+1	8.500250E-1
3.264525E+1	8.482750E-1
3.277450E+1	8.466750E-1
3.289050E+1	8.473500E-1
3.300100E+1	8.459750E-1
3.312200E+1	8.443500E-1
3.322375E+1	8.435500E-1
3.334625E+1	8.431250E-1
3.347025E+1	8.422500E-1
3.353225E+1	8.421250E-1
3.366875E+1	8.401250E-1
3.378600E+1	8.389250E-1
3.389200E+1	8.395750E-1
3.398875E+1	8.380500E-1
3.408075E+1	8.371500E-1
3.419750E+1	8.353750E-1
3.430300E+1	8.367500E-1
3.440275E+1	8.354000E-1
3.450100E+1	8.337000E-1
3.457025E+1	8.327750E-1
3.467225E+1	8.332500E-1
3.478175E+1	8.328250E-1
3.485625E+1	8.302500E-1
3.497975E+1	8.306750E-1
3.504975E+1	8.299750E-1
3.513175E+1	8.299000E-1
3.525350E+1	8.281750E-1
3.532550E+1	8.279250E-1
3.541850E+1	8.274000E-1
3.549600E+1	8.271750E-1
3.575875E+1	8.270000E-1
3.564475E+1	8.259000E-1
3.573800E+1	8.248500E-1
3.580150E+1	8.244500E-1
3.590700E+1	8.246500E-1
3.597100E+1	8.230250E-1
3.605025E+1	8.218000E-1
3.612150E+1	8.225750E-1
3.617775E+1	8.213000E-1
3.626425E+1	8.209500E-1
3.634700E+1	8.207000E-1
3.640475E+1	8.188750E-1
3.646900E+1	8.190500E-1
3.655800E+1	8.188250E-1
3.661975E+1	8.183500E-1
3.669450E+1	8.178250E-1
3.677225E+1	8.184000E-1
3.682250E+1	8.161000E-1
3.689200E+1	8.158000E-1
3.694450E+1	8.163250E-1
3.701900E+1	8.156000E-1
3.709050E+1	8.152000E-1
3.714650E+1	8.147750E-1
3.721325E+1	8.142750E-1
3.725975E+1	8.145750E-1
3.733275E+1	8.140500E-1
3.739575E+1	8.125250E-1
3.741550E+1	8.121250E-1
3.750725E+1	8.120000E-1
3.757300E+1	8.113750E-1
3.760175E+1	8.106000E-1
3.768500E+1	8.110250E-1
3.772375E+1	8.108250E-1
3.777250E+1	8.107250E-1
3.784525E+1	8.097750E-1
3.788350E+1	8.092000E-1
3.795275E+1	8.088500E-1
3.799125E+1	8.080500E-1
3.802875E+1	8.082000E-1
3.808300E+1	8.084500E-1
3.812925E+1	8.079250E-1
3.817625E+1	8.062250E-1
3.823250E+1	8.068500E-1
3.825650E+1	8.071500E-1
3.832375E+1	8.068750E-1
3.836775E+1	8.060000E-1
3.843050E+1	8.044000E-1
3.846525E+1	8.045500E-1
3.850725E+1	8.055500E-1
3.855050E+1	8.048500E-1
3.857600E+1	8.033750E-1
3.864600E+1	8.045250E-1
3.867250E+1	8.027000E-1
3.871350E+1	8.037250E-1
3.874125E+1	8.028250E-1
3.879100E+1	8.037000E-1
3.883175E+1	8.025500E-1
3.885575E+1	8.023750E-1
3.891675E+1	8.016500E-1
3.895650E+1	8.029500E-1
3.896625E+1	8.017250E-1
3.903350E+1	8.015750E-1
3.906250E+1	8.010000E-1
3.908500E+1	8.008250E-1
3.914200E+1	8.006250E-1
3.916900E+1	7.998250E-1
3.920275E+1	7.998000E-1
3.922100E+1	7.994000E-1
3.926400E+1	7.983750E-1
3.930000E+1	7.983500E-1
3.932300E+1	7.992750E-1
3.939475E+1	7.984250E-1
3.943250E+1	7.986250E-1
3.944050E+1	7.981750E-1
3.948650E+1	7.988500E-1
3.948250E+1	7.987250E-1
3.950975E+1	7.977500E-1
3.957800E+1	7.972750E-1
3.957925E+1	7.967500E-1
3.961900E+1	7.973750E-1
3.963925E+1	7.970000E-1
3.967950E+1	7.966000E-1
3.971775E+1	7.959250E-1
3.972600E+1	7.959750E-1
3.975000E+1	7.963000E-1
3.979300E+1	7.952750E-1
3.980350E+1	7.961500E-1
3.982575E+1	7.952500E-1
3.985775E+1	7.953000E-1
3.988675E+1	7.943250E-1
3.991975E+1	7.940000E-1
3.993100E+1	7.940250E-1
3.996500E+1	7.940250E-1
3.999650E+1	7.943750E-1
3.999675E+1	7.937000E-1
4.002125E+1	7.944000E-1
4.007125E+1	7.927500E-1
4.008250E+1	7.929000E-1
4.010675E+1	7.929000E-1
4.012800E+1	7.929000E-1
4.015050E+1	7.930000E-1
4.017075E+1	7.917250E-1
4.021525E+1	7.923500E-1
4.020500E+1	7.923000E-1
4.025100E+1	7.927500E-1
4.025075E+1	7.924000E-1
4.028550E+1	7.919000E-1
4.029800E+1	7.920500E-1
4.032525E+1	7.923250E-1
4.033900E+1	7.913750E-1
4.036500E+1	7.914500E-1
4.038600E+1	7.908750E-1
4.040925E+1	7.904750E-1
4.041325E+1	7.907250E-1
4.044150E+1	7.903250E-1
4.045000E+1	7.890250E-1
4.047150E+1	7.899750E-1
4.049575E+1	7.903500E-1
4.050200E+1	7.900750E-1
4.053100E+1	7.902750E-1
4.054375E+1	7.902500E-1
4.057550E+1	7.907750E-1
4.056500E+1	7.904750E-1
4.061150E+1	7.891750E-1
4.062375E+1	7.889250E-1
4.062875E+1	7.895250E-1
4.064325E+1	7.885500E-1
4.066800E+1	7.894750E-1
4.067150E+1	7.900000E-1
4.068150E+1	7.885750E-1
4.071925E+1	7.893000E-1
4.072175E+1	7.886750E-1
4.074575E+1	7.882000E-1
4.076450E+1	7.882250E-1
4.077325E+1	7.878250E-1
4.079325E+1	7.866000E-1
4.079200E+1	7.869500E-1
4.081475E+1	7.877000E-1
4.083075E+1	7.887250E-1
4.084675E+1	7.882500E-1
4.085575E+1	7.876500E-1
4.086025E+1	7.871000E-1
4.089175E+1	7.868750E-1
4.090275E+1	7.875500E-1
4.091975E+1	7.869750E-1
4.091500E+1	7.875500E-1
4.093825E+1	7.877750E-1
4.094025E+1	7.872000E-1
4.096225E+1	7.876500E-1
4.097175E+1	7.860750E-1
4.099375E+1	7.869250E-1
4.099200E+1	7.864500E-1
4.100250E+1	7.850500E-1
4.102050E+1	7.862750E-1
4.101950E+1	7.859750E-1
4.104075E+1	7.866250E-1
4.105700E+1	7.861250E-1
4.106375E+1	7.849000E-1
4.106850E+1	7.853750E-1
4.108950E+1	7.858000E-1
4.110375E+1	7.852750E-1
4.112675E+1	7.855000E-1
4.111575E+1	7.844250E-1
4.112075E+1	7.847000E-1
4.116575E+1	7.852000E-1
4.115250E+1	7.849250E-1
4.117175E+1	7.842000E-1
4.117650E+1	7.841750E-1
4.116375E+1	7.860250E-1
4.119225E+1	7.841750E-1
4.119700E+1	7.859750E-1
4.120150E+1	7.850750E-1
4.121900E+1	7.847750E-1
4.122675E+1	7.850000E-1
4.123975E+1	7.848750E-1
4.123675E+1	7.834000E-1
4.125325E+1	7.843250E-1
4.125375E+1	7.843500E-1
4.127775E+1	7.841750E-1
4.127550E+1	7.826500E-1
4.129225E+1	7.848000E-1
4.130600E+1	7.832250E-1
4.131075E+1	7.841250E-1
4.131625E+1	7.835750E-1
4.132050E+1	7.839500E-1
4.133250E+1	7.839250E-1
4.132550E+1	7.849000E-1
4.133875E+1	7.838000E-1
4.136000E+1	7.835750E-1
4.137225E+1	7.845750E-1
4.136900E+1	7.838750E-1
4.137550E+1	7.846750E-1
4.138850E+1	7.837250E-1
4.139975E+1	7.835500E-1
4.138375E+1	7.828250E-1
4.141900E+1	7.822750E-1
4.142650E+1	7.836000E-1
4.142375E+1	7.830000E-1
4.144750E+1	7.826750E-1
4.143100E+1	7.830500E-1
4.144475E+1	7.834000E-1
4.145075E+1	7.828750E-1
4.144725E+1	7.831000E-1
4.145475E+1	7.834750E-1
4.145025E+1	7.836500E-1
4.145875E+1	7.817250E-1
4.147725E+1	7.812250E-1
4.147850E+1	7.827750E-1
4.149000E+1	7.836000E-1
4.150150E+1	7.821000E-1
4.152150E+1	7.819500E-1
4.149575E+1	7.831750E-1
4.151750E+1	7.834500E-1
4.150075E+1	7.820000E-1
4.152200E+1	7.817500E-1
4.152350E+1	7.821000E-1
4.155400E+1	7.810500E-1
4.153950E+1	7.817000E-1
4.155425E+1	7.831250E-1
4.156350E+1	7.810000E-1
4.156500E+1	7.821500E-1
4.156300E+1	7.811500E-1
4.155875E+1	7.822250E-1
4.159200E+1	7.818750E-1
4.158350E+1	7.815500E-1
4.157825E+1	7.807750E-1
4.159300E+1	7.829500E-1
4.159675E+1	7.819750E-1
4.159650E+1	7.813000E-1
4.161125E+1	7.818500E-1
4.160975E+1	7.820000E-1
