1.875000E-1	3.677900E+0
1.875000E-1	3.677500E+0
1.897500E-1	3.678075E+0
1.890000E-1	3.676600E+0
1.857500E-1	3.677250E+0
1.895000E-1	3.676300E+0
1.807500E-1	3.676975E+0
1.912500E-1	3.676500E+0
1.702500E-1	3.675475E+0
1.790000E-1	3.676150E+0
1.845000E-1	3.676200E+0
1.880000E-1	3.675275E+0
2.032500E-1	3.675750E+0
2.110000E-1	3.644300E+0
2.107500E-1	3.631350E+0
2.532500E-1	3.600250E+0
3.052500E-1	3.525875E+0
3.540000E-1	3.438275E+0
4.187500E-1	3.348125E+0
4.880000E-1	3.265900E+0
5.307500E-1	3.187900E+0
5.810000E-1	3.116250E+0
6.200000E-1	3.052200E+0
6.875000E-1	2.992025E+0
7.510000E-1	2.937550E+0
8.057500E-1	2.882650E+0
8.537500E-1	2.834100E+0
9.145000E-1	2.786225E+0
9.442500E-1	2.742100E+0
1.008750E+0	2.707200E+0
1.044000E+0	2.675900E+0
1.094250E+0	2.645125E+0
1.136500E+0	2.615575E+0
1.180500E+0	2.586150E+0
1.226750E+0	2.552650E+0
1.265750E+0	2.528725E+0
1.309250E+0	2.504125E+0
1.355250E+0	2.480875E+0
1.410500E+0	2.457725E+0
1.433750E+0	2.435500E+0
1.474500E+0	2.415000E+0
1.515500E+0	2.394700E+0
1.559250E+0	2.370850E+0
1.609500E+0	2.351575E+0
1.642250E+0	2.331775E+0
1.688250E+0	2.315975E+0
1.731500E+0	2.296800E+0
1.767750E+0	2.276525E+0
1.823750E+0	2.260375E+0
1.865250E+0	2.243650E+0
1.902000E+0	2.228800E+0
1.927750E+0	2.213350E+0
1.990000E+0	2.198875E+0
2.011250E+0	2.184100E+0
2.064500E+0	2.169850E+0
2.099500E+0	2.156150E+0
2.131000E+0	2.142975E+0
2.177250E+0	2.130200E+0
2.227000E+0	2.118125E+0
2.258750E+0	2.105725E+0
2.292750E+0	2.094625E+0
2.352500E+0	2.083475E+0
2.377500E+0	2.069775E+0
2.412250E+0	2.060725E+0
2.461500E+0	2.048450E+0
2.488500E+0	2.038825E+0
2.534000E+0	2.028825E+0
2.576250E+0	2.018925E+0
2.609000E+0	2.008775E+0
2.635750E+0	1.998725E+0
2.678250E+0	1.989500E+0
2.726000E+0	1.979575E+0
2.763750E+0	1.971950E+0
2.801500E+0	1.962250E+0
2.842000E+0	1.952525E+0
2.867250E+0	1.944475E+0
2.912500E+0	1.935175E+0
2.950000E+0	1.927300E+0
2.983000E+0	1.920350E+0
3.024750E+0	1.911525E+0
3.057000E+0	1.903575E+0
3.094250E+0	1.896225E+0
3.129500E+0	1.887275E+0
3.170250E+0	1.880500E+0
3.210750E+0	1.873100E+0
3.237500E+0	1.866125E+0
3.280500E+0	1.857500E+0
3.314250E+0	1.852225E+0
3.339250E+0	1.845625E+0
3.387750E+0	1.837475E+0
3.416000E+0	1.831050E+0
3.465250E+0	1.825750E+0
3.486750E+0	1.816925E+0
3.525250E+0	1.811225E+0
3.567000E+0	1.804650E+0
3.617750E+0	1.799850E+0
3.646500E+0	1.791425E+0
3.681750E+0	1.786125E+0
3.720000E+0	1.779125E+0
3.764250E+0	1.773725E+0
3.789500E+0	1.768575E+0
3.803500E+0	1.763800E+0
3.869500E+0	1.757300E+0
3.896000E+0	1.751125E+0
3.930750E+0	1.746350E+0
3.978250E+0	1.740150E+0
3.987250E+0	1.735875E+0
4.037500E+0	1.730300E+0
4.072250E+0	1.725125E+0
4.091500E+0	1.719900E+0
4.132750E+0	1.715800E+0
4.168000E+0	1.710700E+0
4.212750E+0	1.704600E+0
4.231000E+0	1.701050E+0
4.269750E+0	1.696225E+0
4.316000E+0	1.690775E+0
4.339500E+0	1.687300E+0
4.376000E+0	1.681450E+0
4.398250E+0	1.677650E+0
4.432250E+0	1.672300E+0
4.479000E+0	1.668825E+0
4.509000E+0	1.664750E+0
4.546250E+0	1.660475E+0
4.570250E+0	1.655825E+0
4.615000E+0	1.651875E+0
4.648500E+0	1.647300E+0
4.680750E+0	1.643725E+0
4.701250E+0	1.639400E+0
4.732750E+0	1.636450E+0
4.772250E+0	1.631800E+0
4.801000E+0	1.628375E+0
4.852750E+0	1.624050E+0
4.861000E+0	1.620525E+0
4.907000E+0	1.616375E+0
4.934750E+0	1.612750E+0
4.951250E+0	1.610750E+0
5.003750E+0	1.605725E+0
5.044000E+0	1.601200E+0
5.067000E+0	1.597175E+0
5.083750E+0	1.596200E+0
5.100500E+0	1.592300E+0
5.155000E+0	1.587650E+0
5.193250E+0	1.584475E+0
5.236250E+0	1.582150E+0
5.256250E+0	1.579000E+0
5.278000E+0	1.575375E+0
5.304000E+0	1.571700E+0
5.332000E+0	1.568925E+0
5.378000E+0	1.565875E+0
5.407500E+0	1.564275E+0
5.428250E+0	1.560100E+0
5.463500E+0	1.556675E+0
5.497000E+0	1.554175E+0
5.523000E+0	1.551400E+0
5.563000E+0	1.548400E+0
5.594000E+0	1.544575E+0
5.614250E+0	1.541575E+0
5.654250E+0	1.540750E+0
5.671750E+0	1.536200E+0
5.713250E+0	1.532600E+0
5.737750E+0	1.530675E+0
5.764250E+0	1.527375E+0
5.790250E+0	1.525550E+0
5.821500E+0	1.522825E+0
5.844750E+0	1.520775E+0
5.883500E+0	1.517300E+0
5.919500E+0	1.515600E+0
5.925250E+0	1.511800E+0
5.969000E+0	1.509675E+0
5.998750E+0	1.506900E+0
6.033750E+0	1.505450E+0
6.063750E+0	1.502150E+0
6.085750E+0	1.499275E+0
6.122000E+0	1.497300E+0
6.137000E+0	1.494825E+0
6.173000E+0	1.492000E+0
6.205750E+0	1.489800E+0
6.235000E+0	1.487125E+0
6.254500E+0	1.485125E+0
6.295500E+0	1.482775E+0
6.312500E+0	1.481075E+0
6.350000E+0	1.478375E+0
6.370750E+0	1.476450E+0
6.402250E+0	1.475225E+0
6.417250E+0	1.471375E+0
6.462750E+0	1.468900E+0
6.482000E+0	1.466775E+0
6.520750E+0	1.465875E+0
6.550000E+0	1.463275E+0
6.561500E+0	1.460925E+0
6.592250E+0	1.458850E+0
6.621500E+0	1.456725E+0
6.640250E+0	1.454525E+0
6.675000E+0	1.452550E+0
6.704500E+0	1.450150E+0
6.729500E+0	1.449100E+0
6.761250E+0	1.445525E+0
6.792500E+0	1.443400E+0
6.819500E+0	1.442575E+0
6.842500E+0	1.439675E+0
6.876500E+0	1.437550E+0
6.888000E+0	1.435500E+0
6.922500E+0	1.434400E+0
6.943750E+0	1.432850E+0
6.979500E+0	1.430250E+0
7.003000E+0	1.428625E+0
7.033750E+0	1.427525E+0
7.047750E+0	1.424500E+0
7.074750E+0	1.423425E+0
7.102500E+0	1.421075E+0
7.129500E+0	1.419375E+0
7.166500E+0	1.417000E+0
7.181500E+0	1.415675E+0
7.214000E+0	1.413625E+0
7.239000E+0	1.411625E+0
7.265750E+0	1.410450E+0
7.304750E+0	1.409275E+0
7.324750E+0	1.407375E+0
7.343000E+0	1.405600E+0
7.389250E+0	1.403225E+0
7.400750E+0	1.402125E+0
7.418250E+0	1.400700E+0
7.451250E+0	1.399200E+0
7.474000E+0	1.397325E+0
7.496000E+0	1.395400E+0
7.522000E+0	1.393675E+0
7.548500E+0	1.391675E+0
7.576250E+0	1.390425E+0
7.601250E+0	1.388775E+0
7.627250E+0	1.387775E+0
7.653500E+0	1.385925E+0
7.669500E+0	1.383975E+0
7.696250E+0	1.383025E+0
7.726000E+0	1.380900E+0
7.745750E+0	1.380100E+0
7.778750E+0	1.378175E+0
7.795750E+0	1.376300E+0
7.825250E+0	1.375175E+0
7.846750E+0	1.372450E+0
7.872250E+0	1.371900E+0
7.888500E+0	1.370775E+0
7.922500E+0	1.368725E+0
7.951750E+0	1.367725E+0
7.969250E+0	1.366175E+0
7.998500E+0	1.365400E+0
8.017750E+0	1.363375E+0
8.036750E+0	1.362900E+0
8.065500E+0	1.360125E+0
8.089500E+0	1.359175E+0
8.120250E+0	1.356950E+0
8.138000E+0	1.356025E+0
8.170500E+0	1.355250E+0
8.189750E+0	1.354350E+0
8.206250E+0	1.352050E+0
8.241250E+0	1.350200E+0
8.256750E+0	1.349550E+0
8.287250E+0	1.347800E+0
8.315500E+0	1.345275E+0
8.329250E+0	1.345625E+0
8.359000E+0	1.344050E+0
8.386750E+0	1.342925E+0
8.406250E+0	1.341075E+0
8.430500E+0	1.339400E+0
8.440500E+0	1.338200E+0
8.476750E+0	1.337675E+0
8.497500E+0	1.337125E+0
8.519500E+0	1.335250E+0
8.543750E+0	1.333550E+0
8.565750E+0	1.331725E+0
8.602750E+0	1.331700E+0
8.614000E+0	1.330350E+0
8.629250E+0	1.328675E+0
8.665000E+0	1.328875E+0
8.677500E+0	1.326900E+0
8.703250E+0	1.324525E+0
8.725250E+0	1.324375E+0
8.749250E+0	1.321850E+0
8.769750E+0	1.322550E+0
8.782750E+0	1.321875E+0
8.818250E+0	1.319800E+0
8.843000E+0	1.318950E+0
8.866000E+0	1.316675E+0
8.883250E+0	1.315650E+0
8.905500E+0	1.315050E+0
8.938000E+0	1.313375E+0
8.943500E+0	1.312125E+0
8.973250E+0	1.311550E+0
8.998750E+0	1.311100E+0
9.015000E+0	1.310000E+0
9.038000E+0	1.308350E+0
9.056750E+0	1.306800E+0
9.087000E+0	1.305525E+0
9.100500E+0	1.305075E+0
9.121000E+0	1.304325E+0
9.138250E+0	1.303400E+0
9.165000E+0	1.302200E+0
9.193500E+0	1.300350E+0
9.208750E+0	1.300325E+0
9.236500E+0	1.299200E+0
9.248750E+0	1.298125E+0
9.294750E+0	1.296625E+0
9.293500E+0	1.296850E+0
9.307500E+0	1.295025E+0
9.331000E+0	1.294100E+0
9.362500E+0	1.293575E+0
9.378250E+0	1.292675E+0
9.410500E+0	1.290950E+0
9.413750E+0	1.290000E+0
9.443500E+0	1.288850E+0
9.469000E+0	1.289075E+0
9.481500E+0	1.286725E+0
9.505250E+0	1.286325E+0
9.529000E+0	1.285525E+0
9.538250E+0	1.284625E+0
9.570500E+0	1.283150E+0
9.587000E+0	1.283250E+0
9.607500E+0	1.281875E+0
9.627750E+0	1.280425E+0
9.649000E+0	1.280200E+0
9.672750E+0	1.279475E+0
9.684500E+0	1.278450E+0
9.709250E+0	1.276850E+0
9.725000E+0	1.277100E+0
9.747750E+0	1.275050E+0
9.772500E+0	1.274350E+0
9.797000E+0	1.273000E+0
9.812500E+0	1.272700E+0
9.829750E+0	1.273175E+0
9.843500E+0	1.271550E+0
9.870500E+0	1.269750E+0
9.885750E+0	1.269175E+0
9.910500E+0	1.269525E+0
9.925250E+0	1.267450E+0
9.949750E+0	1.266450E+0
9.971250E+0	1.264975E+0
9.989500E+0	1.264475E+0
1.000325E+1	1.264000E+0
1.002225E+1	1.262900E+0
1.004400E+1	1.261750E+0
1.006075E+1	1.261700E+0
1.008075E+1	1.260850E+0
1.010225E+1	1.260350E+0
1.011750E+1	1.259200E+0
1.013800E+1	1.258850E+0
1.015500E+1	1.257300E+0
1.018400E+1	1.257225E+0
1.019750E+1	1.255775E+0
1.020650E+1	1.254600E+0
1.022775E+1	1.254250E+0
1.025425E+1	1.253125E+0
1.025175E+1	1.252950E+0
1.029950E+1	1.252525E+0
1.030100E+1	1.251400E+0
1.032175E+1	1.251000E+0
1.034075E+1	1.250550E+0
1.036000E+1	1.248850E+0
1.038025E+1	1.248050E+0
1.040275E+1	1.247975E+0
1.041300E+1	1.247100E+0
1.043975E+1	1.246200E+0
1.044350E+1	1.245225E+0
1.047200E+1	1.244375E+0
1.048700E+1	1.244850E+0
1.049900E+1	1.243275E+0
1.052175E+1	1.243075E+0
1.054050E+1	1.242700E+0
1.055825E+1	1.241625E+0
1.057225E+1	1.240675E+0
1.058900E+1	1.240625E+0
1.061450E+1	1.238475E+0
1.062150E+1	1.238625E+0
1.064775E+1	1.238200E+0
1.066275E+1	1.237400E+0
1.067625E+1	1.235575E+0
1.070525E+1	1.235750E+0
1.072250E+1	1.233900E+0
1.073025E+1	1.233625E+0
1.074475E+1	1.233600E+0
1.077000E+1	1.233100E+0
1.078475E+1	1.231575E+0
1.080950E+1	1.231625E+0
1.082575E+1	1.231400E+0
1.083525E+1	1.229475E+0
1.085450E+1	1.229300E+0
1.087200E+1	1.229225E+0
1.088775E+1	1.228050E+0
1.089850E+1	1.226475E+0
1.091500E+1	1.227325E+0
1.093275E+1	1.226650E+0
1.095275E+1	1.225475E+0
1.096800E+1	1.224925E+0
1.099325E+1	1.223400E+0
1.101325E+1	1.223575E+0
1.102275E+1	1.222825E+0
1.104300E+1	1.221750E+0
1.106150E+1	1.220825E+0
1.108150E+1	1.220950E+0
1.109725E+1	1.220175E+0
1.110475E+1	1.220425E+0
1.112850E+1	1.218175E+0
1.114275E+1	1.218325E+0
1.115825E+1	1.218275E+0
1.125650E+1	1.216750E+0
1.138600E+1	1.213300E+0
1.150725E+1	1.210150E+0
1.163850E+1	1.206025E+0
1.175975E+1	1.201600E+0
1.188275E+1	1.196800E+0
1.201500E+1	1.192475E+0
1.211750E+1	1.188425E+0
1.227300E+1	1.183425E+0
1.237575E+1	1.180275E+0
1.252200E+1	1.176175E+0
1.263475E+1	1.172375E+0
1.274450E+1	1.168225E+0
1.288600E+1	1.163975E+0
1.300550E+1	1.161350E+0
1.310900E+1	1.157825E+0
1.325600E+1	1.154075E+0
1.335300E+1	1.150025E+0
1.348350E+1	1.147600E+0
1.361000E+1	1.144025E+0
1.369975E+1	1.141200E+0
1.383375E+1	1.138125E+0
1.395525E+1	1.135125E+0
1.406500E+1	1.131050E+0
1.426125E+1	1.127375E+0
1.452850E+1	1.122100E+0
1.491700E+1	1.114775E+0
1.524125E+1	1.106725E+0
1.557750E+1	1.099750E+0
1.589100E+1	1.092550E+0
1.620250E+1	1.083525E+0
1.653250E+1	1.079175E+0
1.683725E+1	1.072050E+0
1.714750E+1	1.064050E+0
1.744975E+1	1.059400E+0
1.772800E+1	1.052450E+0
1.802450E+1	1.047675E+0
1.827550E+1	1.041425E+0
1.860350E+1	1.036425E+0
1.889175E+1	1.032375E+0
1.916550E+1	1.026300E+0
1.943625E+1	1.021425E+0
1.970725E+1	1.017300E+0
1.997600E+1	1.013250E+0
2.023850E+1	1.008375E+0
2.051925E+1	1.004675E+0
2.076975E+1	9.996500E-1
2.103450E+1	9.952250E-1
2.129600E+1	9.912500E-1
2.155400E+1	9.876500E-1
2.179250E+1	9.847250E-1
2.203200E+1	9.802500E-1
2.229175E+1	9.767000E-1
2.250275E+1	9.732500E-1
2.277025E+1	9.708250E-1
2.299625E+1	9.669500E-1
2.319250E+1	9.640750E-1
2.346525E+1	9.607250E-1
2.369500E+1	9.579250E-1
2.391375E+1	9.551750E-1
2.414525E+1	9.525000E-1
2.437225E+1	9.491500E-1
2.459925E+1	9.471250E-1
2.482100E+1	9.441500E-1
2.503950E+1	9.412500E-1
2.525875E+1	9.386500E-1
2.549050E+1	9.353500E-1
2.570650E+1	9.338250E-1
2.593575E+1	9.305750E-1
2.613725E+1	9.283750E-1
2.636675E+1	9.263750E-1
2.657625E+1	9.241500E-1
2.677050E+1	9.225000E-1
2.698200E+1	9.203250E-1
2.718400E+1	9.169250E-1
2.739550E+1	9.154250E-1
2.758250E+1	9.137500E-1
2.777400E+1	9.103750E-1
2.794150E+1	9.100000E-1
2.812650E+1	9.073750E-1
2.832800E+1	9.061250E-1
2.849075E+1	9.044750E-1
2.867400E+1	9.020000E-1
2.882925E+1	9.000750E-1
2.899775E+1	8.991250E-1
2.917300E+1	8.978000E-1
2.933475E+1	8.960750E-1
2.948275E+1	8.937250E-1
2.965375E+1	8.928000E-1
2.980450E+1	8.915750E-1
2.996100E+1	8.900750E-1
3.011950E+1	8.886500E-1
3.027150E+1	8.879500E-1
3.042125E+1	8.852000E-1
3.057050E+1	8.849250E-1
3.071275E+1	8.838750E-1
3.086000E+1	8.819750E-1
3.099800E+1	8.806250E-1
3.114050E+1	8.795750E-1
3.127950E+1	8.777750E-1
3.142550E+1	8.770250E-1
3.155400E+1	8.756750E-1
3.168700E+1	8.751000E-1
3.183050E+1	8.739750E-1
3.194450E+1	8.729750E-1
3.207750E+1	8.717500E-1
3.221000E+1	8.703750E-1
3.234725E+1	8.685500E-1
3.245950E+1	8.685000E-1
3.260475E+1	8.668250E-1
3.271100E+1	8.664000E-1
3.284775E+1	8.647750E-1
3.295600E+1	8.633250E-1
3.306725E+1	8.631750E-1
3.317850E+1	8.635000E-1
3.330525E+1	8.618250E-1
3.342800E+1	8.605000E-1
3.353125E+1	8.587750E-1
3.364925E+1	8.576500E-1
3.374875E+1	8.574000E-1
3.385050E+1	8.565500E-1
3.395775E+1	8.559500E-1
3.406200E+1	8.545250E-1
3.416200E+1	8.545500E-1
3.426400E+1	8.539750E-1
3.437175E+1	8.517500E-1
3.446100E+1	8.516750E-1
3.456350E+1	8.512750E-1
3.466975E+1	8.508500E-1
3.476150E+1	8.496750E-1
3.484400E+1	8.486750E-1
3.494150E+1	8.487500E-1
3.502075E+1	8.477500E-1
3.511575E+1	8.477250E-1
3.521350E+1	8.463500E-1
3.528725E+1	8.455750E-1
3.539725E+1	8.442250E-1
3.545575E+1	8.441500E-1
3.557200E+1	8.431500E-1
3.561050E+1	8.428500E-1
3.576625E+1	8.413000E-1
3.589550E+1	8.413000E-1
3.588875E+1	8.417500E-1
3.596825E+1	8.409250E-1
3.604900E+1	8.397500E-1
3.610475E+1	8.386750E-1
3.616850E+1	8.382500E-1
3.624825E+1	8.375250E-1
3.634375E+1	8.362000E-1
3.640400E+1	8.367000E-1
3.646550E+1	8.363250E-1
3.653400E+1	8.367000E-1
3.659975E+1	8.357750E-1
3.668125E+1	8.350000E-1
3.675475E+1	8.339000E-1
3.682325E+1	8.335750E-1
3.688125E+1	8.334500E-1
3.694175E+1	8.324250E-1
3.700100E+1	8.319250E-1
3.707750E+1	8.321500E-1
3.714050E+1	8.313500E-1
3.720200E+1	8.306750E-1
3.726675E+1	8.305500E-1
3.732150E+1	8.304250E-1
3.737700E+1	8.302250E-1
3.744725E+1	8.287250E-1
3.750350E+1	8.286750E-1
3.755725E+1	8.287000E-1
3.761500E+1	8.270000E-1
3.766075E+1	8.274750E-1
3.771575E+1	8.268000E-1
3.777425E+1	8.264500E-1
3.783225E+1	8.264000E-1
3.788100E+1	8.263000E-1
3.794125E+1	8.251250E-1
3.797325E+1	8.251500E-1
3.802625E+1	8.242250E-1
3.808600E+1	8.248500E-1
3.812950E+1	8.243000E-1
3.819100E+1	8.235500E-1
3.823125E+1	8.224750E-1
3.827000E+1	8.229500E-1
3.832075E+1	8.226000E-1
3.836875E+1	8.221750E-1
3.841750E+1	8.208750E-1
3.844850E+1	8.213750E-1
3.851125E+1	8.213000E-1
3.854500E+1	8.204000E-1
3.858700E+1	8.205250E-1
3.862900E+1	8.203000E-1
3.867025E+1	8.196000E-1
3.871825E+1	8.196250E-1
3.874825E+1	8.188750E-1
3.879175E+1	8.190500E-1
3.882025E+1	8.188250E-1
3.886625E+1	8.183750E-1
3.891675E+1	8.172500E-1
3.895125E+1	8.178250E-1
3.898075E+1	8.178000E-1
3.900675E+1	8.167000E-1
3.904500E+1	8.160000E-1
3.908975E+1	8.166750E-1
3.911775E+1	8.159000E-1
3.916725E+1	8.168000E-1
3.920250E+1	8.149750E-1
3.922700E+1	8.151250E-1
3.925550E+1	8.144000E-1
3.932100E+1	8.146500E-1
3.933425E+1	8.148000E-1
3.935775E+1	8.139250E-1
3.939550E+1	8.150000E-1
3.943700E+1	8.140500E-1
3.947650E+1	8.131750E-1
3.949275E+1	8.136250E-1
3.951850E+1	8.132000E-1
3.952950E+1	8.131500E-1
3.963450E+1	8.130750E-1
3.957025E+1	8.124000E-1
3.962825E+1	8.117250E-1
3.966550E+1	8.121500E-1
3.967350E+1	8.114750E-1
3.971050E+1	8.114250E-1
3.973275E+1	8.115000E-1
3.976975E+1	8.111500E-1
3.980500E+1	8.104750E-1
3.983200E+1	8.097250E-1
3.985850E+1	8.111250E-1
3.988075E+1	8.103000E-1
3.990550E+1	8.101250E-1
3.993000E+1	8.087250E-1
3.996000E+1	8.098250E-1
3.997475E+1	8.090750E-1
4.001325E+1	8.096500E-1
4.002300E+1	8.086750E-1
4.006325E+1	8.095000E-1
4.006550E+1	8.093750E-1
4.010550E+1	8.082750E-1
4.013300E+1	8.087000E-1
4.012500E+1	8.084250E-1
4.017575E+1	8.087250E-1
4.019600E+1	8.080500E-1
4.021200E+1	8.080250E-1
4.023375E+1	8.081000E-1
4.024950E+1	8.076500E-1
4.028125E+1	8.073750E-1
4.029850E+1	8.078500E-1
4.030975E+1	8.065500E-1
4.034075E+1	8.069250E-1
4.035600E+1	8.064000E-1
4.037375E+1	8.058500E-1
4.040200E+1	8.066500E-1
4.039625E+1	8.062250E-1
4.043900E+1	8.067750E-1
4.045800E+1	8.052000E-1
4.046700E+1	8.064250E-1
4.049600E+1	8.056250E-1
4.051475E+1	8.061250E-1
4.053425E+1	8.062250E-1
4.053825E+1	8.050000E-1
4.056300E+1	8.054750E-1
4.057975E+1	8.048750E-1
4.059325E+1	8.047000E-1
4.061375E+1	8.047000E-1
4.061725E+1	8.044250E-1
4.064200E+1	8.050000E-1
4.067050E+1	8.035500E-1
4.068525E+1	8.036000E-1
4.069025E+1	8.044750E-1
4.069675E+1	8.047250E-1
4.071750E+1	8.039750E-1
4.072750E+1	8.036250E-1
4.075075E+1	8.026500E-1
4.076550E+1	8.036000E-1
4.078750E+1	8.030750E-1
4.080075E+1	8.033250E-1
4.078175E+1	8.029000E-1
4.083250E+1	8.029250E-1
4.084650E+1	8.030000E-1
4.085625E+1	8.026250E-1
4.086250E+1	8.030250E-1
4.088400E+1	8.033750E-1
4.088000E+1	8.022250E-1
4.089300E+1	8.016250E-1
4.093850E+1	8.032250E-1
4.092850E+1	8.028000E-1
4.094850E+1	8.027000E-1
4.097375E+1	8.015250E-1
4.095875E+1	8.019250E-1
4.097925E+1	8.023250E-1
4.098975E+1	8.021000E-1
4.100300E+1	8.007500E-1
4.101825E+1	8.011750E-1
4.101975E+1	8.014000E-1
4.104675E+1	8.017000E-1
4.104450E+1	8.009000E-1
4.106475E+1	8.012250E-1
4.108500E+1	8.017000E-1
4.107275E+1	8.011500E-1
4.110100E+1	8.010500E-1
4.110900E+1	8.011500E-1
4.111425E+1	8.010500E-1
4.112800E+1	8.003000E-1
4.113975E+1	8.006250E-1
4.115200E+1	8.006500E-1
4.115150E+1	7.993750E-1
4.116725E+1	8.009500E-1
4.117425E+1	7.995500E-1
4.118025E+1	8.001750E-1
4.119825E+1	8.006750E-1
4.120575E+1	7.997750E-1
4.121250E+1	7.992250E-1
4.122700E+1	8.001500E-1
4.123700E+1	7.988250E-1
4.124375E+1	7.992500E-1
4.126250E+1	8.001500E-1
4.126650E+1	7.989000E-1
4.127575E+1	7.996750E-1
4.128625E+1	7.994000E-1
4.128375E+1	7.992750E-1
4.130250E+1	7.992250E-1
4.131275E+1	7.997000E-1
4.132175E+1	7.991000E-1
4.133700E+1	7.999750E-1
4.130475E+1	7.992000E-1
4.133675E+1	7.982250E-1
4.134875E+1	7.993000E-1
4.134500E+1	7.978250E-1
4.133025E+1	7.984250E-1
4.136025E+1	7.997000E-1
4.138150E+1	7.991250E-1
4.136575E+1	7.991000E-1
4.139100E+1	7.981000E-1
4.139800E+1	7.983000E-1
4.139700E+1	7.985750E-1
4.141100E+1	7.979500E-1
4.142725E+1	7.986500E-1
4.141200E+1	7.980500E-1
4.141800E+1	7.977250E-1
4.143100E+1	7.971750E-1
4.143225E+1	7.977500E-1
4.144550E+1	7.980750E-1
4.143350E+1	7.980750E-1
4.147625E+1	7.975500E-1
4.147400E+1	7.967500E-1
4.149400E+1	7.981000E-1
4.148175E+1	7.990750E-1
4.149775E+1	7.996250E-1
4.148450E+1	7.985750E-1
4.151825E+1	7.969000E-1
4.151450E+1	7.984250E-1
4.151675E+1	7.980250E-1
4.151725E+1	7.974000E-1
4.153050E+1	7.976000E-1
4.153300E+1	7.973750E-1
4.153225E+1	7.983500E-1
4.154725E+1	7.971250E-1
