2.505750E-1	2.500000E-6
2.424250E-1	3.250000E-6
2.426625E-1	6.250000E-6
2.441875E-1	5.250000E-6
2.388375E-1	5.250000E-6
2.440375E-1	9.750000E-6
2.416250E-1	-1.750000E-6
2.634000E-1	3.250000E-6
1.979875E-1	5.000000E-7
1.959375E-1	-2.500000E-6
2.228375E-1	1.250000E-6
2.778000E-1	4.500000E-6
3.117750E-1	5.250000E-6
3.525375E-1	1.500000E-5
4.096875E-1	1.250000E-5
4.371750E-1	1.425000E-5
4.754375E-1	3.175000E-5
5.088125E-1	5.700000E-5
5.277625E-1	7.725000E-5
5.420375E-1	1.047500E-4
5.554375E-1	1.372500E-4
5.636000E-1	1.767500E-4
5.688875E-1	2.107500E-4
5.747750E-1	2.505000E-4
5.821125E-1	2.815000E-4
5.852750E-1	3.260000E-4
5.883750E-1	3.595000E-4
5.918500E-1	4.002500E-4
5.947750E-1	4.365000E-4
5.981750E-1	4.740000E-4
6.003375E-1	5.117500E-4
6.031375E-1	5.497500E-4
6.047625E-1	5.937500E-4
6.056875E-1	6.242500E-4
6.084500E-1	6.675000E-4
6.091375E-1	7.020000E-4
6.115625E-1	7.375000E-4
6.132375E-1	7.790000E-4
6.145500E-1	8.170000E-4
6.168500E-1	8.480000E-4
6.174375E-1	8.875000E-4
6.189000E-1	9.217500E-4
6.195000E-1	9.597500E-4
6.216500E-1	1.004250E-3
6.224125E-1	1.043000E-3
6.236500E-1	1.075250E-3
6.250000E-1	1.113750E-3
6.259000E-1	1.148500E-3
6.265625E-1	1.191000E-3
6.275375E-1	1.220750E-3
6.289625E-1	1.259000E-3
6.294750E-1	1.298500E-3
6.299375E-1	1.335000E-3
6.312875E-1	1.369750E-3
6.310625E-1	1.404250E-3
6.323000E-1	1.437750E-3
6.336250E-1	1.471500E-3
6.348125E-1	1.515000E-3
6.347500E-1	1.550750E-3
6.347375E-1	1.592500E-3
6.365500E-1	1.623250E-3
6.370625E-1	1.661000E-3
6.380000E-1	1.692250E-3
6.393125E-1	1.734750E-3
6.395250E-1	1.768000E-3
6.396625E-1	1.806250E-3
6.406625E-1	1.834750E-3
6.414250E-1	1.870500E-3
6.424750E-1	1.905250E-3
6.423875E-1	1.945250E-3
6.434375E-1	1.985250E-3
6.439875E-1	2.012750E-3
6.436250E-1	2.046250E-3
6.450625E-1	2.085250E-3
6.445250E-1	2.115000E-3
6.464500E-1	2.157750E-3
6.465500E-1	2.191500E-3
6.468500E-1	2.230500E-3
6.474625E-1	2.257500E-3
6.478375E-1	2.295500E-3
6.483125E-1	2.326000E-3
6.491750E-1	2.357000E-3
6.505875E-1	2.397750E-3
6.498500E-1	2.431500E-3
6.505000E-1	2.468000E-3
6.514250E-1	2.494250E-3
6.506750E-1	2.528000E-3
6.517250E-1	2.567750E-3
6.530875E-1	2.600250E-3
6.532750E-1	2.634000E-3
6.531875E-1	2.670250E-3
6.531625E-1	2.708250E-3
6.539125E-1	2.735500E-3
6.547875E-1	2.770250E-3
6.553250E-1	2.801750E-3
6.548125E-1	2.834750E-3
6.560000E-1	2.868750E-3
6.558750E-1	2.897500E-3
6.570000E-1	2.931750E-3
6.571875E-1	2.972250E-3
6.573250E-1	3.002000E-3
6.577625E-1	3.033500E-3
6.578000E-1	3.065250E-3
6.581250E-1	3.098500E-3
6.593500E-1	3.137250E-3
6.594125E-1	3.164250E-3
6.598375E-1	3.202500E-3
6.599250E-1	3.228000E-3
6.604500E-1	3.257250E-3
6.610250E-1	3.296750E-3
6.613750E-1	3.320250E-3
6.612375E-1	3.354500E-3
6.616750E-1	3.393500E-3
6.621750E-1	3.421250E-3
6.624250E-1	3.457000E-3
6.622500E-1	3.487000E-3
6.632750E-1	3.518250E-3
6.637250E-1	3.553250E-3
6.638000E-1	3.584250E-3
6.636625E-1	3.615500E-3
6.644250E-1	3.647250E-3
6.652750E-1	3.671750E-3
6.648375E-1	3.703000E-3
6.649125E-1	3.739000E-3
6.657000E-1	3.771500E-3
6.662000E-1	3.801000E-3
6.661625E-1	3.826000E-3
6.663750E-1	3.860250E-3
6.671750E-1	3.887000E-3
6.670875E-1	3.927750E-3
6.675125E-1	3.953750E-3
6.677750E-1	3.987500E-3
6.669250E-1	4.013500E-3
6.684375E-1	4.052000E-3
6.686125E-1	4.076000E-3
6.682250E-1	4.105750E-3
6.694250E-1	4.132250E-3
6.703125E-1	4.210250E-3
6.706500E-1	4.360250E-3
6.710875E-1	4.522250E-3
6.729625E-1	4.662250E-3
6.743000E-1	4.814750E-3
6.751500E-1	4.968000E-3
6.764000E-1	5.116000E-3
6.771125E-1	5.263000E-3
6.787500E-1	5.408250E-3
6.782250E-1	5.556750E-3
6.801625E-1	5.701750E-3
6.814875E-1	5.850750E-3
6.822375E-1	5.988000E-3
6.830500E-1	6.139000E-3
6.848625E-1	6.275000E-3
6.855375E-1	6.420250E-3
6.857875E-1	6.562000E-3
6.866625E-1	6.709250E-3
6.868625E-1	6.845000E-3
6.879875E-1	6.984000E-3
6.897250E-1	7.126250E-3
6.897250E-1	7.259500E-3
6.903500E-1	7.395750E-3
6.913625E-1	7.537000E-3
6.923625E-1	7.670500E-3
6.927875E-1	7.807250E-3
6.929375E-1	7.939250E-3
6.944625E-1	8.074750E-3
6.948500E-1	8.205250E-3
6.943250E-1	8.339250E-3
6.961000E-1	8.470250E-3
6.962750E-1	8.609250E-3
6.971875E-1	8.737500E-3
6.976750E-1	8.865000E-3
6.976000E-1	8.990250E-3
6.987875E-1	9.112750E-3
6.992875E-1	9.245500E-3
6.998750E-1	9.368000E-3
7.001500E-1	9.505000E-3
7.008750E-1	9.628750E-3
7.017750E-1	9.758000E-3
7.017750E-1	9.883250E-3
7.023375E-1	1.000800E-2
7.025250E-1	1.013225E-2
7.031125E-1	1.026050E-2
7.039000E-1	1.037675E-2
7.043500E-1	1.050200E-2
7.045625E-1	1.062150E-2
7.053000E-1	1.074175E-2
7.055875E-1	1.086350E-2
7.053625E-1	1.097650E-2
7.066500E-1	1.110200E-2
7.072375E-1	1.122450E-2
7.085125E-1	1.133525E-2
7.072375E-1	1.145675E-2
7.084375E-1	1.157100E-2
7.086625E-1	1.168600E-2
7.089625E-1	1.180200E-2
7.092250E-1	1.191850E-2
7.096750E-1	1.202750E-2
7.105875E-1	1.214175E-2
7.108000E-1	1.225750E-2
7.113375E-1	1.236875E-2
7.119250E-1	1.248100E-2
7.124625E-1	1.258400E-2
7.122250E-1	1.270500E-2
7.126750E-1	1.280875E-2
7.135000E-1	1.291650E-2
7.136500E-1	1.302825E-2
7.138625E-1	1.314325E-2
7.145375E-1	1.324700E-2
7.148250E-1	1.334875E-2
7.149625E-1	1.346350E-2
7.150500E-1	1.356700E-2
7.148250E-1	1.367600E-2
7.154000E-1	1.377325E-2
7.159000E-1	1.388400E-2
7.165125E-1	1.398300E-2
7.179625E-1	1.408450E-2
7.172625E-1	1.418550E-2
7.177500E-1	1.428700E-2
7.187500E-1	1.439650E-2
7.177125E-1	1.450075E-2
7.179750E-1	1.459525E-2
7.186500E-1	1.469800E-2
7.192250E-1	1.479800E-2
7.188000E-1	1.489875E-2
7.195750E-1	1.499600E-2
7.200500E-1	1.509250E-2
7.197875E-1	1.519100E-2
7.203750E-1	1.528800E-2
7.207375E-1	1.538300E-2
7.207125E-1	1.547700E-2
7.209375E-1	1.557350E-2
7.212875E-1	1.566525E-2
7.213125E-1	1.576900E-2
7.210750E-1	1.586350E-2
7.212125E-1	1.595575E-2
7.230250E-1	1.604500E-2
7.229875E-1	1.612825E-2
7.222625E-1	1.623450E-2
7.230125E-1	1.632950E-2
7.235750E-1	1.641450E-2
7.236000E-1	1.650775E-2
7.236750E-1	1.659125E-2
7.241500E-1	1.668775E-2
7.243125E-1	1.677450E-2
7.239375E-1	1.686550E-2
7.244750E-1	1.695000E-2
7.250750E-1	1.702975E-2
7.255000E-1	1.712450E-2
7.247250E-1	1.721025E-2
7.252500E-1	1.729675E-2
7.258500E-1	1.739025E-2
7.260750E-1	1.746800E-2
7.259750E-1	1.755700E-2
7.264125E-1	1.765050E-2
7.263250E-1	1.773100E-2
7.265000E-1	1.780425E-2
7.277750E-1	1.789200E-2
7.273500E-1	1.798075E-2
7.276625E-1	1.806250E-2
7.272375E-1	1.815050E-2
7.269375E-1	1.822975E-2
7.282250E-1	1.830775E-2
7.281500E-1	1.838525E-2
7.279125E-1	1.846425E-2
7.287750E-1	1.855300E-2
7.294000E-1	1.862775E-2
7.292500E-1	1.871100E-2
7.296375E-1	1.878825E-2
7.294500E-1	1.887500E-2
7.299500E-1	1.894725E-2
7.300750E-1	1.902100E-2
7.296000E-1	1.909775E-2
7.300625E-1	1.918875E-2
7.301375E-1	1.926350E-2
7.303625E-1	1.932525E-2
7.311250E-1	1.941325E-2
7.306875E-1	1.948350E-2
7.310625E-1	1.956050E-2
7.323125E-1	1.963475E-2
7.311750E-1	1.970250E-2
7.317000E-1	1.979550E-2
7.319250E-1	1.985850E-2
7.326875E-1	1.992775E-2
7.325000E-1	2.000450E-2
7.317875E-1	2.007550E-2
7.321500E-1	2.014675E-2
7.325875E-1	2.022500E-2
7.332375E-1	2.029125E-2
7.330250E-1	2.035625E-2
7.330750E-1	2.042375E-2
7.328875E-1	2.050425E-2
7.338875E-1	2.057500E-2
7.331375E-1	2.065125E-2
7.335500E-1	2.082250E-2
7.342250E-1	2.105325E-2
7.343375E-1	2.129075E-2
7.354000E-1	2.150325E-2
7.361625E-1	2.173125E-2
7.362250E-1	2.195975E-2
7.365750E-1	2.217700E-2
7.381250E-1	2.239150E-2
7.377625E-1	2.260425E-2
7.377625E-1	2.281825E-2
7.382750E-1	2.302225E-2
7.391250E-1	2.323825E-2
7.389750E-1	2.343375E-2
7.388250E-1	2.365000E-2
7.396375E-1	2.384150E-2
7.403250E-1	2.404400E-2
7.408750E-1	2.423375E-2
7.412375E-1	2.443175E-2
7.411500E-1	2.462725E-2
7.425000E-1	2.481850E-2
7.420375E-1	2.500950E-2
7.424750E-1	2.519000E-2
7.427500E-1	2.536825E-2
7.424125E-1	2.555225E-2
7.433000E-1	2.573425E-2
7.446875E-1	2.591400E-2
7.442250E-1	2.608625E-2
7.454250E-1	2.626775E-2
7.447875E-1	2.643225E-2
7.455500E-1	2.660550E-2
7.453250E-1	2.678700E-2
7.465000E-1	2.694500E-2
7.468125E-1	2.711650E-2
7.465875E-1	2.727075E-2
7.470750E-1	2.743600E-2
7.472125E-1	2.760050E-2
7.475000E-1	2.775775E-2
7.472125E-1	2.791550E-2
7.479625E-1	2.806950E-2
7.483375E-1	2.822225E-2
7.489125E-1	2.837300E-2
7.487125E-1	2.851925E-2
7.495125E-1	2.866750E-2
7.498750E-1	2.881950E-2
7.500750E-1	2.896750E-2
7.504375E-1	2.911400E-2
7.503375E-1	2.925650E-2
7.505125E-1	2.939500E-2
7.508625E-1	2.953375E-2
7.512375E-1	2.968075E-2
7.514125E-1	2.980950E-2
7.509750E-1	2.994800E-2
7.511875E-1	3.007500E-2
7.517500E-1	3.021975E-2
7.513875E-1	3.034875E-2
7.520250E-1	3.047775E-2
7.529750E-1	3.060500E-2
7.526000E-1	3.072675E-2
7.524750E-1	3.085425E-2
7.528500E-1	3.097800E-2
7.526000E-1	3.110450E-2
7.530875E-1	3.122925E-2
7.540000E-1	3.134475E-2
7.538375E-1	3.147050E-2
7.535500E-1	3.158450E-2
7.543750E-1	3.169300E-2
7.541750E-1	3.181225E-2
7.553000E-1	3.192800E-2
7.543500E-1	3.204100E-2
7.549250E-1	3.215325E-2
7.560375E-1	3.226275E-2
7.547375E-1	3.236675E-2
7.551250E-1	3.247225E-2
7.550875E-1	3.258500E-2
7.554000E-1	3.268625E-2
7.558375E-1	3.278850E-2
7.566000E-1	3.289450E-2
7.565250E-1	3.299075E-2
7.561625E-1	3.309375E-2
7.567875E-1	3.320050E-2
7.558375E-1	3.329250E-2
7.566250E-1	3.339800E-2
7.568250E-1	3.348600E-2
7.571375E-1	3.357550E-2
7.577625E-1	3.368325E-2
7.575375E-1	3.377500E-2
7.567625E-1	3.387000E-2
7.570250E-1	3.396200E-2
7.577875E-1	3.404875E-2
7.581250E-1	3.413775E-2
7.575625E-1	3.422600E-2
7.581500E-1	3.430825E-2
7.583000E-1	3.439750E-2
7.593125E-1	3.448900E-2
7.592625E-1	3.457100E-2
7.586750E-1	3.466175E-2
7.587000E-1	3.474100E-2
7.581125E-1	3.481850E-2
7.583625E-1	3.490450E-2
7.587250E-1	3.498250E-2
7.589500E-1	3.505800E-2
7.594625E-1	3.513750E-2
7.593000E-1	3.521275E-2
7.593750E-1	3.529150E-2
7.593625E-1	3.537000E-2
7.599000E-1	3.544925E-2
7.593500E-1	3.551975E-2
7.593000E-1	3.559450E-2
7.598000E-1	3.565775E-2
7.603750E-1	3.573475E-2
7.600125E-1	3.580575E-2
7.605375E-1	3.587650E-2
7.598500E-1	3.594975E-2
7.598000E-1	3.601700E-2
7.603500E-1	3.608650E-2
7.603500E-1	3.615700E-2
7.607875E-1	3.622525E-2
7.606250E-1	3.628425E-2
7.606500E-1	3.635525E-2
7.610375E-1	3.642150E-2
7.609625E-1	3.648125E-2
7.619625E-1	3.654100E-2
7.609000E-1	3.660650E-2
7.616375E-1	3.667075E-2
7.612375E-1	3.673375E-2
7.617125E-1	3.679000E-2
7.608875E-1	3.685000E-2
7.626875E-1	3.691800E-2
7.618625E-1	3.697400E-2
7.617000E-1	3.702825E-2
7.604875E-1	3.708650E-2
7.620750E-1	3.714225E-2
7.616000E-1	3.720175E-2
7.620250E-1	3.725225E-2
7.620625E-1	3.731325E-2
7.619125E-1	3.736575E-2
7.620125E-1	3.742000E-2
7.632625E-1	3.747400E-2
7.618750E-1	3.751875E-2
7.619000E-1	3.757650E-2
7.630375E-1	3.762650E-2
7.626750E-1	3.767350E-2
7.617125E-1	3.773125E-2
7.620625E-1	3.777975E-2
7.626125E-1	3.782800E-2
7.626375E-1	3.787675E-2
7.621375E-1	3.792600E-2
7.622250E-1	3.797400E-2
7.628625E-1	3.801700E-2
7.632000E-1	3.806750E-2
7.631000E-1	3.810625E-2
7.631000E-1	3.815775E-2
7.632375E-1	3.820650E-2
7.628625E-1	3.825700E-2
7.633500E-1	3.845450E-2
7.637625E-1	3.869425E-2
7.636250E-1	3.893675E-2
7.639500E-1	3.917175E-2
7.651250E-1	3.939225E-2
7.652750E-1	3.961775E-2
7.654750E-1	3.983150E-2
7.653000E-1	4.003675E-2
7.657125E-1	4.023500E-2
7.663125E-1	4.043375E-2
7.664750E-1	4.061700E-2
7.664875E-1	4.079075E-2
7.661000E-1	4.097800E-2
7.669500E-1	4.114750E-2
7.677250E-1	4.132650E-2
7.672875E-1	4.148400E-2
7.675250E-1	4.164625E-2
7.685625E-1	4.179150E-2
7.678750E-1	4.195050E-2
7.684750E-1	4.210300E-2
7.689750E-1	4.225175E-2
7.692375E-1	4.238200E-2
7.691875E-1	4.253025E-2
7.694375E-1	4.266150E-2
7.696500E-1	4.279475E-2
7.688500E-1	4.292275E-2
7.702125E-1	4.303700E-2
