3.108750E-1	6.250000E-6
2.904875E-1	-1.000000E-6
3.056000E-1	2.000000E-6
3.016625E-1	-2.250000E-6
3.027375E-1	6.500000E-6
3.026250E-1	4.000000E-6
3.071000E-1	5.750000E-6
3.129000E-1	4.750000E-6
3.089750E-1	4.500000E-6
3.025875E-1	4.750000E-6
3.056250E-1	3.250000E-6
2.881000E-1	5.750000E-6
2.838875E-1	9.500000E-6
1.942000E-1	2.250000E-6
2.082250E-1	3.750000E-6
2.463000E-1	4.250000E-6
2.925875E-1	1.250000E-6
3.358625E-1	3.750000E-6
3.698875E-1	8.000000E-6
4.261250E-1	2.000000E-6
4.727250E-1	1.100000E-5
5.162500E-1	4.250000E-6
5.595625E-1	5.000000E-6
6.087875E-1	4.250000E-6
6.498750E-1	9.500000E-6
6.968125E-1	2.750000E-6
7.373125E-1	8.000000E-6
7.790875E-1	3.500000E-6
8.250375E-1	9.250000E-6
8.596500E-1	1.025000E-5
9.065500E-1	1.700000E-5
9.332625E-1	3.125000E-5
9.630750E-1	5.375000E-5
9.737375E-1	8.875000E-5
9.834625E-1	1.175000E-4
9.905000E-1	1.467500E-4
9.981750E-1	1.902500E-4
1.001887E+0	2.275000E-4
1.000875E+0	2.620000E-4
1.003888E+0	2.987500E-4
1.007275E+0	3.365000E-4
1.004287E+0	3.777500E-4
1.009138E+0	4.095000E-4
1.011825E+0	4.537500E-4
1.014325E+0	4.897500E-4
1.014675E+0	5.360000E-4
1.012900E+0	5.637500E-4
1.015525E+0	6.070000E-4
1.017362E+0	6.407500E-4
1.018450E+0	6.820000E-4
1.017375E+0	7.205000E-4
1.018162E+0	7.595000E-4
1.018425E+0	7.925000E-4
1.019975E+0	8.385000E-4
1.019987E+0	8.715000E-4
1.020575E+0	9.165000E-4
1.020488E+0	9.502500E-4
1.021212E+0	9.850000E-4
1.022325E+0	1.027500E-3
1.020537E+0	1.062750E-3
1.023088E+0	1.100250E-3
1.021888E+0	1.131000E-3
1.022688E+0	1.175000E-3
1.022537E+0	1.212000E-3
1.022925E+0	1.249250E-3
1.023950E+0	1.278750E-3
1.023512E+0	1.330000E-3
1.024075E+0	1.366750E-3
1.025025E+0	1.394250E-3
1.024012E+0	1.439000E-3
1.025100E+0	1.475250E-3
1.024863E+0	1.505250E-3
1.024588E+0	1.543750E-3
1.025300E+0	1.581000E-3
1.025900E+0	1.616250E-3
1.026625E+0	1.652500E-3
1.025975E+0	1.686250E-3
1.026200E+0	1.728500E-3
1.026613E+0	1.762250E-3
1.026587E+0	1.800250E-3
1.026525E+0	1.832250E-3
1.027413E+0	1.870750E-3
1.027775E+0	1.897250E-3
1.028237E+0	1.934500E-3
1.027425E+0	1.976500E-3
1.027800E+0	2.012750E-3
1.027663E+0	2.045750E-3
1.027737E+0	2.079500E-3
1.027725E+0	2.115500E-3
1.027825E+0	2.153750E-3
1.028300E+0	2.188250E-3
1.028988E+0	2.221750E-3
1.028463E+0	2.254000E-3
1.028950E+0	2.292750E-3
1.028850E+0	2.327750E-3
1.029513E+0	2.351500E-3
1.029925E+0	2.394000E-3
1.028837E+0	2.431500E-3
1.028900E+0	2.466750E-3
1.029775E+0	2.494500E-3
1.029812E+0	2.531500E-3
1.029338E+0	2.559750E-3
1.029975E+0	2.600000E-3
1.031000E+0	2.628000E-3
1.030700E+0	2.666500E-3
1.030063E+0	2.701000E-3
1.030087E+0	2.843000E-3
1.030725E+0	3.000000E-3
1.031912E+0	3.164500E-3
1.031837E+0	3.331500E-3
1.032637E+0	3.485000E-3
1.032387E+0	3.644000E-3
1.033313E+0	3.800750E-3
1.033762E+0	3.958500E-3
1.033900E+0	4.114750E-3
1.034063E+0	4.270750E-3
1.034462E+0	4.450000E-3
1.035200E+0	4.854000E-3
1.036675E+0	5.260000E-3
1.036625E+0	5.660250E-3
1.037712E+0	6.049250E-3
1.038050E+0	6.450750E-3
1.038687E+0	6.839500E-3
1.039287E+0	7.220000E-3
1.040012E+0	7.600750E-3
1.040512E+0	7.972000E-3
1.041713E+0	8.343250E-3
1.042050E+0	8.716750E-3
1.042362E+0	9.080250E-3
1.043262E+0	9.436750E-3
1.042925E+0	9.794250E-3
1.043862E+0	1.014750E-2
1.044237E+0	1.049275E-2
1.044062E+0	1.083975E-2
1.045012E+0	1.118650E-2
1.044788E+0	1.152050E-2
1.045525E+0	1.185950E-2
1.045838E+0	1.218075E-2
1.046850E+0	1.250950E-2
1.045938E+0	1.283025E-2
1.046587E+0	1.315600E-2
1.047700E+0	1.346825E-2
1.047075E+0	1.377700E-2
1.047125E+0	1.407875E-2
1.048350E+0	1.439150E-2
1.049263E+0	1.468850E-2
1.049025E+0	1.498650E-2
1.049150E+0	1.528575E-2
1.050213E+0	1.557975E-2
1.049963E+0	1.587825E-2
1.050500E+0	1.615750E-2
1.050475E+0	1.644650E-2
1.051325E+0	1.672750E-2
1.051275E+0	1.700100E-2
1.052150E+0	1.727450E-2
1.051762E+0	1.754050E-2
1.051587E+0	1.780375E-2
1.051675E+0	1.806800E-2
1.052050E+0	1.832575E-2
1.052338E+0	1.858825E-2
1.052688E+0	1.884375E-2
1.054013E+0	1.909450E-2
1.053988E+0	1.934325E-2
1.053962E+0	1.959500E-2
1.054000E+0	1.983900E-2
1.053862E+0	2.007825E-2
1.053850E+0	2.032550E-2
1.054150E+0	2.056250E-2
1.055313E+0	2.078850E-2
1.054950E+0	2.103225E-2
1.054788E+0	2.125675E-2
1.054163E+0	2.148625E-2
1.056200E+0	2.170075E-2
1.055200E+0	2.192750E-2
1.055938E+0	2.214850E-2
1.056425E+0	2.236925E-2
1.056050E+0	2.258000E-2
1.055625E+0	2.278700E-2
1.056300E+0	2.299350E-2
1.056363E+0	2.320575E-2
1.056563E+0	2.340625E-2
1.056787E+0	2.360800E-2
1.057163E+0	2.381100E-2
1.057125E+0	2.401125E-2
1.057050E+0	2.420350E-2
1.057662E+0	2.439800E-2
1.057837E+0	2.459475E-2
1.057750E+0	2.478200E-2
1.058413E+0	2.497675E-2
1.057975E+0	2.516025E-2
1.057613E+0	2.533925E-2
1.059288E+0	2.552500E-2
1.058850E+0	2.570000E-2
1.058750E+0	2.587400E-2
1.059113E+0	2.605400E-2
1.059312E+0	2.622800E-2
1.059075E+0	2.639875E-2
1.059912E+0	2.657625E-2
1.059350E+0	2.673425E-2
1.059263E+0	2.690175E-2
1.059762E+0	2.707300E-2
1.060313E+0	2.722875E-2
1.060000E+0	2.739175E-2
1.059337E+0	2.754875E-2
1.060050E+0	2.771275E-2
1.060788E+0	2.786825E-2
1.060737E+0	2.801775E-2
1.060588E+0	2.817800E-2
1.060875E+0	2.832550E-2
1.060812E+0	2.847000E-2
1.061262E+0	2.862850E-2
1.061612E+0	2.876800E-2
1.060950E+0	2.890800E-2
1.061113E+0	2.905675E-2
1.061488E+0	2.919375E-2
1.061275E+0	2.933725E-2
1.061275E+0	2.948075E-2
1.061913E+0	2.961475E-2
1.062400E+0	2.974725E-2
1.062163E+0	2.988450E-2
1.061913E+0	3.002400E-2
1.062500E+0	3.015675E-2
1.062150E+0	3.027850E-2
1.061713E+0	3.040925E-2
1.062200E+0	3.052775E-2
1.062538E+0	3.066250E-2
1.062238E+0	3.078400E-2
1.061775E+0	3.090600E-2
1.062950E+0	3.102375E-2
1.062975E+0	3.114750E-2
1.061900E+0	3.126575E-2
1.061888E+0	3.138075E-2
1.062575E+0	3.149775E-2
1.063313E+0	3.161050E-2
1.063100E+0	3.173525E-2
1.063537E+0	3.184225E-2
1.062212E+0	3.195400E-2
1.063588E+0	3.206400E-2
1.063075E+0	3.217300E-2
1.063362E+0	3.227950E-2
1.063600E+0	3.239000E-2
1.064188E+0	3.248700E-2
1.063650E+0	3.265075E-2
1.064438E+0	3.306150E-2
1.063913E+0	3.345775E-2
1.064512E+0	3.383675E-2
1.065275E+0	3.421400E-2
1.065112E+0	3.457200E-2
1.065187E+0	3.491875E-2
1.066437E+0	3.526625E-2
1.066162E+0	3.558925E-2
1.065238E+0	3.592000E-2
1.066313E+0	3.622700E-2
1.066013E+0	3.652425E-2
1.066875E+0	3.682775E-2
1.066962E+0	3.711375E-2
1.067225E+0	3.738425E-2
1.067212E+0	3.766000E-2
1.067775E+0	3.792275E-2
1.067762E+0	3.817000E-2
1.067912E+0	3.841850E-2
1.068112E+0	3.865925E-2
1.068600E+0	3.889625E-2
1.067837E+0	3.912300E-2
1.068150E+0	3.933650E-2
1.068488E+0	3.954575E-2
1.069113E+0	3.975600E-2
1.068875E+0	3.995350E-2
1.068812E+0	4.015175E-2
1.069450E+0	4.034700E-2
1.069400E+0	4.053600E-2
1.069700E+0	4.069500E-2
1.068863E+0	4.088075E-2
1.069375E+0	4.106350E-2
1.069950E+0	4.122450E-2
1.070275E+0	4.138025E-2
1.069750E+0	4.152550E-2
1.070675E+0	4.168800E-2
1.070000E+0	4.184250E-2
1.069662E+0	4.197050E-2
1.071100E+0	4.213000E-2
1.070775E+0	4.225575E-2
1.070925E+0	4.238675E-2
1.070963E+0	4.253125E-2
